rank,variable,weightedImportance,relativeWeightedImportance,cumulativeWeightedImportance
1,ageMonths,0.01907,5.99 %,5.99 %
2,Faecalibacterium_prausnitzii,0.00701,2.2 %,8.19 %
3,Blautia_wexlerae,0.00534,1.68 %,9.87 %
4,Eubacterium_eligens,0.00505,1.59 %,11.45 %
5,Bifidobacterium_pseudocatenulatum,0.00501,1.57 %,13.03 %
6,Bifidobacterium_longum,0.00484,1.52 %,14.55 %
7,Veillonella_dispar,0.00454,1.43 %,15.97 %
8,Parasutterella_excrementihominis,0.00438,1.38 %,17.35 %
9,Bacteroides_vulgatus,0.004,1.26 %,18.61 %
10,Roseburia_faecis,0.00397,1.25 %,19.85 %
11,Fusicatenibacter_saccharivorans,0.00385,1.21 %,21.06 %
12,Eubacterium_hallii,0.00361,1.13 %,22.2 %
13,Anaerostipes_hadrus,0.00358,1.12 %,23.32 %
14,Asaccharobacter_celatus,0.00355,1.12 %,24.43 %
15,Dorea_longicatena,0.00351,1.1 %,25.54 %
16,Blautia_obeum,0.00347,1.09 %,26.63 %
17,Ruminococcus_gnavus,0.00345,1.08 %,27.71 %
18,Flavonifractor_plautii,0.00338,1.06 %,28.77 %
19,Intestinibacter_bartlettii,0.00336,1.06 %,29.83 %
20,Veillonella_parvula,0.00335,1.05 %,30.88 %
21,Roseburia_hominis,0.00335,1.05 %,31.93 %
22,Alistipes_obesi,0.00326,1.02 %,32.95 %
23,Eubacterium_sp_CAG_38,0.00323,1.01 %,33.97 %
24,Parabacteroides_distasonis,0.00321,1.01 %,34.98 %
25,Streptococcus_parasanguinis,0.00321,1.01 %,35.98 %
26,Megamonas_funiformis,0.00314,0.99 %,36.97 %
27,Bifidobacterium_bifidum,0.00309,0.97 %,37.94 %
28,Streptococcus_salivarius,0.00303,0.95 %,38.89 %
29,Roseburia_intestinalis,0.00303,0.95 %,39.84 %
30,Sutterella_wadsworthensis,0.00301,0.95 %,40.79 %
31,Eubacterium_rectale,0.00297,0.93 %,41.72 %
32,Alistipes_finegoldii,0.00294,0.92 %,42.64 %
33,Bacteroides_uniformis,0.0029,0.91 %,43.55 %
34,Parabacteroides_merdae,0.00288,0.91 %,44.46 %
35,Roseburia_inulinivorans,0.00287,0.9 %,45.36 %
36,Firmicutes_bacterium_CAG_41,0.00287,0.9 %,46.26 %
37,Veillonella_atypica,0.00285,0.89 %,47.16 %
38,Bacteroides_ovatus,0.00277,0.87 %,48.03 %
39,Haemophilus_parainfluenzae,0.00277,0.87 %,48.9 %
40,Subdoligranulum_sp,0.00276,0.87 %,49.77 %
41,Bacteroides_caccae,0.00272,0.86 %,50.62 %
42,Alistipes_putredinis,0.00267,0.84 %,51.46 %
43,Monoglobus_pectinilyticus,0.00259,0.81 %,52.27 %
44,Anaerotruncus_colihominis,0.00259,0.81 %,53.09 %
45,Clostridium_sp_CAG_58,0.00258,0.81 %,53.9 %
46,Subdoligranulum_sp_APC924_74,0.00258,0.81 %,54.71 %
47,Collinsella_aerofaciens,0.00256,0.8 %,55.51 %
48,Eggerthella_lenta,0.00255,0.8 %,56.31 %
49,Bacteroides_fragilis,0.00252,0.79 %,57.1 %
50,Ruthenibacterium_lactatiformans,0.0025,0.78 %,57.89 %
51,Streptococcus_thermophilus,0.00246,0.77 %,58.66 %
52,Ruminococcus_torques,0.00246,0.77 %,59.44 %
53,Ruminococcus_bromii,0.00235,0.74 %,60.17 %
54,Clostridium_symbiosum,0.00232,0.73 %,60.9 %
55,Agathobaculum_butyriciproducens,0.00231,0.73 %,61.63 %
56,Firmicutes_bacterium_AF16_15,0.00227,0.71 %,62.34 %
57,Ruminococcus_bicirculans,0.00225,0.71 %,63.05 %
58,Prevotella_copri,0.00224,0.7 %,63.75 %
59,Bacteroides_thetaiotaomicron,0.00223,0.7 %,64.45 %
60,Bifidobacterium_adolescentis,0.00223,0.7 %,65.15 %
61,Ruminococcus_lactaris,0.00219,0.69 %,65.84 %
62,Eubacterium_ramulus,0.00215,0.68 %,66.51 %
63,Odoribacter_splanchnicus,0.00214,0.67 %,67.19 %
64,Dorea_formicigenerans,0.00213,0.67 %,67.85 %
65,Eubacterium_siraeum,0.00211,0.66 %,68.52 %
66,Erysipelatoclostridium_ramosum,0.00208,0.65 %,69.17 %
67,Ruminococcaceae_bacterium_KLE1738,0.00207,0.65 %,69.82 %
68,Sellimonas_intestinalis,0.00205,0.64 %,70.46 %
69,Clostridium_sp_AM22_11AC,0.00201,0.63 %,71.1 %
70,Firmicutes_bacterium_CAG_114,0.00193,0.61 %,71.7 %
71,Clostridium_leptum,0.00191,0.6 %,72.31 %
72,Oscillibacter_sp_57_20,0.00187,0.59 %,72.89 %
73,Eubacterium_sp_CAG_180,0.00187,0.59 %,73.48 %
74,Gemmiger_formicilis,0.00182,0.57 %,74.05 %
75,Bacteroides_xylanisolvens,0.00181,0.57 %,74.62 %
76,Blautia_sp_CAG_52,0.00176,0.55 %,75.17 %
77,Bacteroides_dorei,0.00175,0.55 %,75.72 %
78,Hungatella_hathewayi,0.00173,0.54 %,76.27 %
79,Intestinimonas_butyriciproducens,0.00172,0.54 %,76.81 %
80,Akkermansia_muciniphila,0.00172,0.54 %,77.35 %
81,Clostridium_innocuum,0.0017,0.54 %,77.88 %
82,Clostridium_spiroforme,0.00169,0.53 %,78.41 %
83,Clostridium_bolteae,0.00168,0.53 %,78.94 %
84,Coprococcus_comes,0.00164,0.52 %,79.46 %
85,Bifidobacterium_breve,0.00161,0.51 %,79.96 %
86,Escherichia_coli,0.00159,0.5 %,80.46 %
87,Eggerthella_sp_CAG_298,0.00155,0.49 %,80.95 %
88,Dialister_invisus,0.00155,0.49 %,81.44 %
89,Clostridium_sp_CAG_75,0.00154,0.48 %,81.92 %
90,Coprococcus_eutactus,0.00154,0.48 %,82.4 %
91,Bacteroides_stercoris,0.00152,0.48 %,82.88 %
92,Tyzzerella_nexilis,0.00152,0.48 %,83.36 %
93,Lachnospira_pectinoschiza,0.00151,0.47 %,83.83 %
94,Clostridium_citroniae,0.00144,0.45 %,84.28 %
95,Eubacterium_sp_36_13,0.00142,0.45 %,84.73 %
96,Bilophila_wadsworthia,0.00142,0.45 %,85.18 %
97,Firmicutes_bacterium_CAG_56,0.0014,0.44 %,85.62 %
98,Ruminococcus_sp_CAG_353,0.00139,0.44 %,86.05 %
99,Firmicutes_bacterium_CAG_129,0.00138,0.43 %,86.49 %
100,Eisenbergiella_massiliensis,0.00131,0.41 %,86.9 %
101,Barnesiella_intestinihominis,0.0013,0.41 %,87.3 %
102,Clostridium_sp_AF36_4,0.0013,0.41 %,87.71 %
103,Clostridiales_bacterium_KLE1615,0.00123,0.39 %,88.1 %
104,Alistipes_shahii,0.00123,0.39 %,88.49 %
105,Blautia_sp_CAG_257,0.00122,0.38 %,88.87 %
106,Firmicutes_bacterium_CAG_103,0.00119,0.37 %,89.24 %
107,Clostridium_clostridioforme,0.00119,0.37 %,89.62 %
108,Ruminococcus_sp_CAG_254,0.00119,0.37 %,89.99 %
109,Phascolarctobacterium_faecium,0.00114,0.36 %,90.35 %
110,Turicibacter_sanguinis,0.00107,0.34 %,90.69 %
111,Firmicutes_bacterium_CAG_83,0.00107,0.33 %,91.02 %
112,Firmicutes_bacterium_CAG_65_45_313,0.00106,0.33 %,91.35 %
113,Veillonella_sp_DORA_A_3_16_22,0.00102,0.32 %,91.67 %
114,Eubacterium_sp_CAG_252,0.00099,0.31 %,91.98 %
115,Firmicutes_bacterium_CAG_145,0.00099,0.31 %,92.29 %
116,Coprococcus_catus,0.00087,0.27 %,92.57 %
117,Eubacterium_sp_CAG_161,0.00087,0.27 %,92.84 %
118,Clostridium_disporicum,0.00085,0.27 %,93.11 %
119,Bacteroides_finegoldii,0.00083,0.26 %,93.37 %
120,Clostridium_lavalense,0.0008,0.25 %,93.62 %
121,Eubacterium_sp_CAG_115,0.00077,0.24 %,93.87 %
122,Firmicutes_bacterium_CAG_124,0.00077,0.24 %,94.11 %
123,Eubacterium_ventriosum,0.00074,0.23 %,94.34 %
124,Oscillibacter_sp_CAG_241,0.00071,0.22 %,94.56 %
125,Bacteroides_massiliensis,0.00069,0.22 %,94.78 %
126,Clostridium_sp_CAG_122,0.00069,0.22 %,95.0 %
127,Eisenbergiella_tayi,0.00062,0.19 %,95.19 %
128,Roseburia_sp_CAG_100,0.00062,0.19 %,95.39 %
129,Holdemania_filiformis,0.0006,0.19 %,95.57 %
130,Firmicutes_bacterium_CAG_137,0.00058,0.18 %,95.76 %
131,Roseburia_sp_CAG_471,0.00058,0.18 %,95.94 %
132,Ruminococcus_callidus,0.00055,0.17 %,96.11 %
133,Clostridium_sp_CAG_221,0.00055,0.17 %,96.28 %
134,Tyzzerella_sp,0.00055,0.17 %,96.46 %
135,Clostridium_aldenense,0.00055,0.17 %,96.63 %
136,Clostridium_sp_CAG_12237_41,0.00051,0.16 %,96.79 %
137,Dielma_fastidiosa,0.0005,0.16 %,96.94 %
138,Lawsonibacter_asaccharolyticus,0.00049,0.16 %,97.1 %
139,Clostridium_scindens,0.00049,0.15 %,97.25 %
140,Roseburia_sp_CAG_10041_57,0.00049,0.15 %,97.4 %
141,Holdemanella_biformis,0.00049,0.15 %,97.56 %
142,Proteobacteria_bacterium_CAG_139,0.00046,0.14 %,97.7 %
143,Coprobacillus_cateniformis,0.00045,0.14 %,97.84 %
144,Eubacterium_sp_CAG_192,0.00044,0.14 %,97.98 %
145,Faecalibacterium_sp_CAG_74,0.00043,0.13 %,98.12 %
146,Romboutsia_ilealis,0.00042,0.13 %,98.25 %
147,Alistipes_indistinctus,0.00041,0.13 %,98.38 %
148,Butyricimonas_synergistica,0.0004,0.12 %,98.5 %
149,Clostridium_sp_CAG_245,0.00038,0.12 %,98.62 %
150,Dorea_sp_CAG_317,0.00037,0.12 %,98.74 %
151,Haemophilus_sp_HMSC71H05,0.00036,0.11 %,98.85 %
152,Gordonibacter_pamelaeae,0.00033,0.1 %,98.95 %
153,Clostridium_sp_CAG_299,0.0003,0.09 %,99.04 %
154,Bacteroides_cellulosilyticus,0.00028,0.09 %,99.13 %
155,Clostridium_sp_CAG_217,0.00028,0.09 %,99.22 %
156,Clostridium_sp_CAG_253,0.00026,0.08 %,99.3 %
157,Clostridium_sp_CAG_167,0.00024,0.08 %,99.38 %
158,Roseburia_sp_CAG_309,0.00023,0.07 %,99.45 %
159,Eubacterium_sp_CAG_251,0.00022,0.07 %,99.52 %
160,Firmicutes_bacterium_CAG_110,0.00022,0.07 %,99.59 %
161,Bacteroides_intestinalis,0.00022,0.07 %,99.65 %
162,Faecalibacterium_sp_CAG_74_58_120,0.00021,0.07 %,99.72 %
163,Roseburia_sp_CAG_197,0.0002,0.06 %,99.78 %
164,Bacteroides_faecis,0.0002,0.06 %,99.85 %
165,Clostridium_sp_CAG_354,0.0002,0.06 %,99.91 %
166,Blautia_sp,0.00015,0.05 %,99.96 %
167,Clostridium_sp_CAG_138,0.00014,0.04 %,100.0 %
