rank,variable,weightedImportance,relativeWeightedImportance,cumulativeWeightedImportance
1,ageMonths,0.01081,4.69 %,4.69 %
2,Faecalibacterium_prausnitzii,0.00534,2.32 %,7.01 %
3,Bifidobacterium_pseudocatenulatum,0.00394,1.71 %,8.72 %
4,Roseburia_faecis,0.00391,1.7 %,10.42 %
5,Clostridium_innocuum,0.00385,1.67 %,12.09 %
6,Bacteroides_vulgatus,0.00379,1.64 %,13.73 %
7,Blautia_wexlerae,0.00374,1.62 %,15.35 %
8,Bifidobacterium_longum,0.00371,1.61 %,16.96 %
9,Parabacteroides_merdae,0.00334,1.45 %,18.41 %
10,Eubacterium_sp_CAG_38,0.00329,1.43 %,19.84 %
11,Intestinibacter_bartlettii,0.00314,1.36 %,21.2 %
12,Anaerostipes_hadrus,0.00299,1.3 %,22.5 %
13,Megamonas_funiformis,0.00286,1.24 %,23.74 %
14,Eggerthella_lenta,0.0027,1.17 %,24.91 %
15,Eubacterium_eligens,0.00265,1.15 %,26.06 %
16,Ruminococcus_bromii,0.00261,1.13 %,27.2 %
17,Ruminococcus_gnavus,0.00261,1.13 %,28.33 %
18,Parasutterella_excrementihominis,0.0026,1.13 %,29.46 %
19,Streptococcus_salivarius,0.0026,1.13 %,30.59 %
20,Bacteroides_uniformis,0.00246,1.07 %,31.65 %
21,Roseburia_inulinivorans,0.00246,1.07 %,32.72 %
22,Dorea_longicatena,0.00244,1.06 %,33.78 %
23,Bacteroides_dorei,0.00242,1.05 %,34.83 %
24,Flavonifractor_plautii,0.00239,1.04 %,35.87 %
25,Fusicatenibacter_saccharivorans,0.00235,1.02 %,36.89 %
26,Intestinimonas_butyriciproducens,0.0023,1.0 %,37.89 %
27,Roseburia_intestinalis,0.00229,0.99 %,38.88 %
28,Eubacterium_hallii,0.00228,0.99 %,39.87 %
29,Streptococcus_thermophilus,0.00227,0.98 %,40.85 %
30,Veillonella_dispar,0.00225,0.97 %,41.82 %
31,Bacteroides_caccae,0.00223,0.97 %,42.79 %
32,Haemophilus_parainfluenzae,0.00223,0.97 %,43.76 %
33,Roseburia_hominis,0.00223,0.97 %,44.73 %
34,Alistipes_finegoldii,0.0022,0.96 %,45.68 %
35,Eubacterium_rectale,0.0022,0.96 %,46.64 %
36,Collinsella_aerofaciens,0.00212,0.92 %,47.56 %
37,Parabacteroides_distasonis,0.00209,0.91 %,48.46 %
38,Bacteroides_thetaiotaomicron,0.00204,0.88 %,49.35 %
39,Sellimonas_intestinalis,0.00203,0.88 %,50.23 %
40,Ruthenibacterium_lactatiformans,0.00202,0.88 %,51.11 %
41,Ruminococcus_bicirculans,0.00202,0.88 %,51.98 %
42,Blautia_obeum,0.002,0.87 %,52.85 %
43,Firmicutes_bacterium_CAG_41,0.00198,0.86 %,53.71 %
44,Ruminococcus_lactaris,0.00198,0.86 %,54.57 %
45,Bacteroides_ovatus,0.0019,0.83 %,55.4 %
46,Hungatella_hathewayi,0.00189,0.82 %,56.22 %
47,Anaerotruncus_colihominis,0.00188,0.82 %,57.03 %
48,Bacteroides_fragilis,0.00186,0.81 %,57.84 %
49,Erysipelatoclostridium_ramosum,0.00186,0.81 %,58.65 %
50,Veillonella_atypica,0.00182,0.79 %,59.44 %
51,Subdoligranulum_sp,0.00181,0.79 %,60.22 %
52,Ruminococcus_torques,0.0018,0.78 %,61.0 %
53,Clostridium_symbiosum,0.00175,0.76 %,61.77 %
54,Bifidobacterium_bifidum,0.00172,0.75 %,62.51 %
55,Escherichia_coli,0.00172,0.74 %,63.26 %
56,Veillonella_parvula,0.00172,0.74 %,64.0 %
57,Sutterella_wadsworthensis,0.00171,0.74 %,64.74 %
58,Clostridium_sp_CAG_58,0.00168,0.73 %,65.47 %
59,Dorea_formicigenerans,0.00167,0.73 %,66.2 %
60,Bacteroides_xylanisolvens,0.00166,0.72 %,66.92 %
61,Prevotella_copri,0.00163,0.71 %,67.62 %
62,Ruminococcaceae_bacterium_KLE1738,0.00163,0.71 %,68.33 %
63,Monoglobus_pectinilyticus,0.0016,0.69 %,69.02 %
64,Agathobaculum_butyriciproducens,0.00159,0.69 %,69.71 %
65,Akkermansia_muciniphila,0.00155,0.67 %,70.39 %
66,Firmicutes_bacterium_AF16_15,0.00154,0.67 %,71.06 %
67,Clostridium_bolteae,0.00154,0.67 %,71.72 %
68,Streptococcus_parasanguinis,0.00147,0.64 %,72.36 %
69,Eubacterium_siraeum,0.00144,0.63 %,72.99 %
70,Coprobacillus_cateniformis,0.00143,0.62 %,73.61 %
71,Lachnospira_pectinoschiza,0.00143,0.62 %,74.23 %
72,Clostridium_sp_AF36_4,0.00143,0.62 %,74.85 %
73,Firmicutes_bacterium_CAG_114,0.00141,0.61 %,75.47 %
74,Blautia_sp_CAG_52,0.00139,0.6 %,76.07 %
75,Bifidobacterium_breve,0.00136,0.59 %,76.66 %
76,Clostridium_sp_AM22_11AC,0.00133,0.58 %,77.24 %
77,Clostridium_leptum,0.00133,0.58 %,77.82 %
78,Bilophila_wadsworthia,0.00131,0.57 %,78.38 %
79,Bifidobacterium_adolescentis,0.00129,0.56 %,78.94 %
80,Barnesiella_intestinihominis,0.00128,0.56 %,79.5 %
81,Alistipes_putredinis,0.00127,0.55 %,80.05 %
82,Alistipes_obesi,0.00124,0.54 %,80.59 %
83,Subdoligranulum_sp_APC924_74,0.00117,0.51 %,81.09 %
84,Coprococcus_comes,0.00113,0.49 %,81.58 %
85,Tyzzerella_nexilis,0.00113,0.49 %,82.07 %
86,Eubacterium_sp_CAG_252,0.00104,0.45 %,82.52 %
87,Dialister_invisus,0.00102,0.44 %,82.96 %
88,Gemmiger_formicilis,0.00101,0.44 %,83.4 %
89,Asaccharobacter_celatus,0.00098,0.43 %,83.83 %
90,Turicibacter_sanguinis,0.00098,0.42 %,84.25 %
91,Clostridium_spiroforme,0.00097,0.42 %,84.68 %
92,Blautia_sp_CAG_257,0.00097,0.42 %,85.09 %
93,Clostridium_sp_CAG_122,0.00097,0.42 %,85.51 %
94,Eggerthella_sp_CAG_298,0.00096,0.42 %,85.93 %
95,Lactococcus_lactis,0.00095,0.41 %,86.34 %
96,Bacteroides_stercoris,0.00093,0.4 %,86.74 %
97,Clostridium_clostridioforme,0.00092,0.4 %,87.14 %
98,Anaerostipes_caccae,0.00091,0.39 %,87.53 %
99,Eisenbergiella_massiliensis,0.0009,0.39 %,87.93 %
100,Clostridium_sp_CAG_75,0.00088,0.38 %,88.31 %
101,Firmicutes_bacterium_CAG_65_45_313,0.00088,0.38 %,88.69 %
102,Clostridium_lavalense,0.00085,0.37 %,89.06 %
103,Clostridium_aldenense,0.00084,0.36 %,89.42 %
104,Eubacterium_ramulus,0.00083,0.36 %,89.78 %
105,Eubacterium_sp_36_13,0.00083,0.36 %,90.14 %
106,Clostridium_citroniae,0.00082,0.36 %,90.5 %
107,Eubacterium_sp_CAG_180,0.00082,0.36 %,90.86 %
108,Firmicutes_bacterium_CAG_56,0.00079,0.34 %,91.2 %
109,Bacteroides_finegoldii,0.00077,0.34 %,91.53 %
110,Odoribacter_splanchnicus,0.00075,0.33 %,91.86 %
111,Clostridium_sp_CAG_12237_41,0.00074,0.32 %,92.18 %
112,Phascolarctobacterium_faecium,0.00071,0.31 %,92.49 %
113,Ruminococcus_sp_CAG_254,0.00069,0.3 %,92.79 %
114,Dielma_fastidiosa,0.00068,0.3 %,93.08 %
115,Clostridiales_bacterium_KLE1615,0.00066,0.29 %,93.37 %
116,Roseburia_sp_CAG_100,0.00065,0.28 %,93.65 %
117,Holdemania_filiformis,0.00063,0.27 %,93.92 %
118,Lawsonibacter_asaccharolyticus,0.00059,0.25 %,94.18 %
119,Clostridium_disporicum,0.00058,0.25 %,94.43 %
120,Clostridium_sp_CAG_299,0.00057,0.25 %,94.68 %
121,Butyricimonas_synergistica,0.00057,0.25 %,94.92 %
122,Oscillibacter_sp_57_20,0.00056,0.24 %,95.17 %
123,Eubacterium_ventriosum,0.00052,0.23 %,95.39 %
124,Firmicutes_bacterium_CAG_83,0.00051,0.22 %,95.62 %
125,Coprococcus_catus,0.0005,0.22 %,95.84 %
126,Alistipes_shahii,0.0005,0.22 %,96.05 %
127,Dorea_sp_CAG_317,0.0005,0.22 %,96.27 %
128,Eisenbergiella_tayi,0.00049,0.21 %,96.48 %
129,Roseburia_sp_CAG_10041_57,0.00046,0.2 %,96.68 %
130,Clostridium_scindens,0.00046,0.2 %,96.88 %
131,Gordonibacter_pamelaeae,0.00042,0.18 %,97.06 %
132,Coprococcus_eutactus,0.00041,0.18 %,97.24 %
133,Ruminococcus_callidus,0.00038,0.16 %,97.4 %
134,Haemophilus_sp_HMSC71H05,0.00037,0.16 %,97.56 %
135,Clostridium_sp_CAG_217,0.00035,0.15 %,97.72 %
136,Blautia_sp,0.00035,0.15 %,97.87 %
137,Bacteroides_massiliensis,0.00032,0.14 %,98.01 %
138,Clostridium_sp_CAG_221,0.00032,0.14 %,98.15 %
139,Lachnospiraceae_bacterium_OF09_33XD,0.00032,0.14 %,98.29 %
140,Romboutsia_ilealis,0.00031,0.13 %,98.42 %
141,Firmicutes_bacterium_CAG_124,0.0003,0.13 %,98.55 %
142,Eubacterium_sp_CAG_115,0.0003,0.13 %,98.68 %
143,Firmicutes_bacterium_CAG_129,0.00029,0.13 %,98.81 %
144,Blautia_producta,0.00029,0.12 %,98.93 %
145,Firmicutes_bacterium_CAG_145,0.00026,0.11 %,99.05 %
146,Firmicutes_bacterium_CAG_103,0.00024,0.11 %,99.15 %
147,Proteobacteria_bacterium_CAG_139,0.00022,0.1 %,99.25 %
148,Veillonella_sp_DORA_A_3_16_22,0.00022,0.09 %,99.34 %
149,Bacteroides_intestinalis,0.00021,0.09 %,99.43 %
150,Holdemanella_biformis,0.00019,0.08 %,99.52 %
151,Tyzzerella_sp,0.00018,0.08 %,99.6 %
152,Firmicutes_bacterium_CAG_137,0.00014,0.06 %,99.66 %
153,Oscillibacter_sp_CAG_241,0.00014,0.06 %,99.72 %
154,Bacteroides_faecis,0.00012,0.05 %,99.77 %
155,Clostridium_asparagiforme,0.00012,0.05 %,99.82 %
156,Bacteroides_cellulosilyticus,0.00011,0.05 %,99.87 %
157,Eubacterium_sp_CAG_192,0.00011,0.05 %,99.92 %
158,Eubacterium_sp_CAG_161,0.00011,0.05 %,99.96 %
159,Alistipes_indistinctus,8.0e-5,0.04 %,100.0 %
